0.000000,-3.002722,0.000000,1.000000,0.000000,0.000000,0.000000
0.000000,-3.008167,0.000000,1.000000,0.000000,0.000000,0.000000
0.000000,-3.016333,0.000000,1.000000,0.000000,0.000000,0.000000
0.000000,-3.027222,0.000000,1.000000,0.000000,0.000000,-0.000000
-0.000000,-3.040833,0.000000,1.000000,0.000000,0.000000,0.000000
-0.000000,-3.057167,0.000000,1.000000,0.000000,0.000000,0.000000
0.000000,-3.076222,0.000000,1.000000,0.000000,0.000000,-0.000000
-0.000000,-3.098000,0.000000,1.000000,0.000000,0.000000,-0.000000
-0.000000,-3.122500,0.000000,1.000000,0.000000,0.000000,-0.000000
-0.000000,-3.149722,0.000000,1.000000,0.000000,0.000000,-0.000000
-0.000000,-3.179667,0.000000,1.000000,0.000000,0.000000,-0.000000
-0.000000,-3.212333,0.000000,1.000000,0.000000,0.000000,-0.000000
-0.000000,-3.247722,0.000000,1.000000,0.000000,0.000000,-0.000000
-0.000000,-3.285833,0.000000,1.000000,0.000000,0.000000,-0.000000
0.000000,-3.326667,0.000000,1.000000,0.000000,0.000000,-0.000000
0.000000,-3.370222,0.000000,1.000000,0.000000,0.000000,0.000000
0.000000,-3.416500,0.000000,1.000000,0.000000,0.000000,-0.000000
0.000000,-3.465500,0.000000,1.000000,0.000000,0.000000,-0.000000
0.000004,-3.507643,-0.002751,0.999999,-0.001185,-0.000007,-0.000203
-0.000178,-3.494220,-0.002480,1.000000,-0.000702,-0.000003,-0.000160
-0.000369,-3.488283,-0.002193,1.000000,-0.000525,-0.000000,-0.000115
-0.000555,-3.485882,-0.002096,1.000000,-0.000719,0.000004,-0.000071
-0.000740,-3.484216,-0.002003,1.000000,-0.000917,0.000008,-0.000027
-0.000925,-3.484762,-0.001910,0.999999,-0.001111,0.000011,0.000017
-0.001110,-3.488124,-0.001816,0.999999,-0.001305,0.000015,0.000061
-0.001294,-3.494278,-0.001723,0.999999,-0.001499,0.000019,0.000104
-0.001469,-3.496949,-0.000103,1.000000,-0.000770,-0.000001,0.000090
-0.001650,-3.500151,-0.000122,1.000000,-0.000628,-0.000028,0.000045
-0.001846,-3.500423,-0.000412,1.000000,-0.000467,-0.000103,0.000067
-0.002035,-3.500271,-0.000536,1.000000,-0.000295,-0.000151,0.000045
-0.002230,-3.500204,-0.000388,1.000000,-0.000104,-0.000170,0.000023
-0.002429,-3.500166,-0.000063,1.000000,0.000083,-0.000168,0.000007
-0.002627,-3.500119,0.000382,1.000000,0.000253,-0.000144,-0.000007
-0.002857,-3.499989,0.001063,1.000000,0.000361,-0.000127,0.000017
-0.003101,-3.499894,0.001979,1.000000,0.000434,-0.000106,0.000035
-0.003357,-3.499814,0.002846,1.000000,0.000450,-0.000089,0.000012
-0.003636,-3.499823,0.003652,1.000000,0.000435,-0.000067,0.000010
-0.003927,-3.499857,0.004166,1.000000,0.000391,-0.000083,0.000008
-0.004229,-3.499969,0.004550,1.000000,0.000317,-0.000078,0.000009
-0.004532,-3.500110,0.004683,1.000000,0.000267,-0.000061,-0.000009
-0.004848,-3.500160,0.004600,1.000000,0.000164,-0.000080,-0.000004
-0.005177,-3.500182,0.004432,1.000000,0.000064,-0.000079,0.000000
-0.005522,-3.500191,0.004258,1.000000,-0.000031,-0.000082,-0.000000
-0.005884,-3.500183,0.004092,1.000000,-0.000112,-0.000081,-0.000001
-0.006263,-3.500160,0.003941,1.000000,-0.000177,-0.000081,0.000007
-0.006656,-3.500139,0.003816,1.000000,-0.000217,-0.000072,0.000008
-0.007065,-3.500121,0.003741,1.000000,-0.000225,-0.000068,0.000001
-0.007493,-3.500137,0.003671,1.000000,-0.000227,-0.000065,0.000007
-0.007938,-3.500152,0.003660,1.000000,-0.000205,-0.000065,0.000008
-0.008407,-3.500156,0.003741,1.000000,-0.000151,-0.000066,-0.000004
-0.008901,-3.500182,0.003788,1.000000,-0.000108,-0.000076,-0.000000
-0.009412,-3.500174,0.003896,1.000000,-0.000051,-0.000078,-0.000005
-0.009942,-3.500166,0.004017,1.000000,0.000009,-0.000079,-0.000006
-0.010497,-3.500158,0.004128,1.000000,0.000063,-0.000081,-0.000008
-0.011074,-3.500150,0.004218,1.000000,0.000108,-0.000079,-0.000008
-0.011681,-3.500159,0.004290,1.000000,0.000140,-0.000073,-0.000007
-0.012319,-3.500167,0.004341,1.000000,0.000158,-0.000080,-0.000004
-0.012995,-3.500144,0.004412,1.000000,0.000173,-0.000075,-0.000013
-0.013699,-3.500146,0.004424,1.000000,0.000166,-0.000069,-0.000012
-0.014437,-3.500166,0.004404,1.000000,0.000147,-0.000070,-0.000010
-0.015208,-3.500199,0.004338,1.000000,0.000112,-0.000072,-0.000005
-0.016012,-3.500176,0.004274,1.000000,0.000085,-0.000078,-0.000016
-0.016858,-3.500189,0.004198,1.000000,0.000053,-0.000089,-0.000019
-0.017738,-3.500183,0.004098,1.000000,0.000025,-0.000112,-0.000026
-0.018652,-3.500184,0.003951,1.000000,-0.000005,-0.000136,-0.000030
-0.019605,-3.500197,0.003826,1.000000,-0.000026,-0.000161,-0.000033
-0.020595,-3.500206,0.003710,1.000000,-0.000043,-0.000179,-0.000033
-0.021628,-3.500224,0.003634,1.000000,-0.000051,-0.000194,-0.000036
-0.022708,-3.500241,0.003583,1.000000,-0.000053,-0.000202,-0.000037
-0.023829,-3.500217,0.003552,1.000000,-0.000051,-0.000204,-0.000025
-0.024986,-3.500218,0.003538,1.000000,-0.000044,-0.000200,-0.000028
-0.026181,-3.500228,0.003539,1.000000,-0.000032,-0.000189,-0.000029
-0.027421,-3.500252,0.003553,1.000000,-0.000016,-0.000174,-0.000026
-0.028704,-3.500302,0.003533,1.000000,-0.000028,-0.000178,-0.000009
-0.030024,-3.500300,0.003595,1.000000,-0.000019,-0.000178,-0.000012
-0.031388,-3.500256,0.003679,1.000000,0.000005,-0.000195,-0.000002
-0.032780,-3.500176,0.003643,1.000000,0.000008,-0.000184,-0.000020
-0.034212,-3.500208,0.003594,1.000000,0.000009,-0.000172,-0.000004
-0.035677,-3.500231,0.003557,1.000000,0.000012,-0.000155,0.000004
-0.037170,-3.500185,0.003528,1.000000,0.000024,-0.000153,-0.000012
-0.038708,-3.500209,0.003379,1.000000,0.000003,-0.000138,-0.000008
-0.040282,-3.500229,0.003287,1.000000,-0.000008,-0.000117,0.000013
-0.041876,-3.500203,0.003261,1.000000,0.000005,-0.000104,0.000004
-0.043500,-3.500206,0.003165,1.000000,-0.000002,-0.000089,0.000003
-0.045152,-3.500195,0.003017,1.000000,-0.000011,-0.000077,0.000011
-0.046819,-3.500181,0.002886,1.000000,-0.000024,-0.000049,0.000007
-0.048515,-3.500208,0.002867,1.000000,-0.000029,-0.000038,0.000007
-0.050240,-3.500212,0.002813,1.000000,-0.000035,-0.000033,0.000007
-0.051993,-3.500235,0.002781,1.000000,-0.000035,-0.000031,-0.000001
-0.053779,-3.500238,0.002742,1.000000,-0.000034,-0.000007,0.000003
-0.055605,-3.500268,0.002714,1.000000,-0.000029,-0.000002,-0.000005
-0.057475,-3.500289,0.002673,1.000000,-0.000024,0.000005,-0.000008
-0.059394,-3.500317,0.002569,1.000000,-0.000036,-0.000005,-0.000010
-0.061338,-3.500186,0.002644,1.000000,-0.000014,0.000012,-0.000044
-0.063328,-3.500259,0.002642,1.000000,-0.000011,0.000022,-0.000033
-0.065358,-3.500301,0.002633,1.000000,-0.000010,0.000016,-0.000029
-0.067405,-3.500365,0.002750,1.000000,0.000019,0.000029,-0.000042
-0.069501,-3.500366,0.002677,1.000000,0.000005,0.000047,-0.000038
-0.071629,-3.500323,0.002579,1.000000,-0.000019,0.000050,-0.000016
-0.073779,-3.500342,0.002560,1.000000,-0.000028,0.000054,-0.000017
-0.075957,-3.500375,0.002546,1.000000,-0.000037,0.000050,-0.000021
-0.078170,-3.500308,0.002719,1.000000,-0.000001,0.000015,0.000014
-0.080392,-3.500300,0.002691,1.000000,-0.000005,0.000012,0.000026
-0.082630,-3.500331,0.002640,1.000000,-0.000006,0.000001,0.000033
-0.084885,-3.500370,0.002597,1.000000,-0.000000,-0.000014,0.000038
-0.087176,-3.500367,0.002639,1.000000,0.000020,-0.000022,0.000018
-0.089488,-3.500316,0.002535,1.000000,0.000039,-0.000055,-0.000006
-0.091830,-3.500337,0.002371,1.000000,0.000051,-0.000079,-0.000005
-0.094189,-3.500299,0.002215,1.000000,0.000036,-0.000089,-0.000022
-0.096588,-3.500265,0.002181,1.000000,0.000057,-0.000075,-0.000036
-0.099024,-3.500364,0.002099,1.000000,0.000055,-0.000066,-0.000041
-0.101503,-3.500352,0.002051,1.000000,0.000037,-0.000053,-0.000029
-0.104025,-3.500388,0.002074,1.000000,0.000030,-0.000057,-0.000035
-0.106568,-3.500389,0.002195,1.000000,0.000046,-0.000020,-0.000026
-0.109132,-3.500462,0.002026,1.000000,-0.000019,-0.000003,-0.000005
-0.111692,-3.500313,0.002073,1.000000,-0.000029,-0.000025,0.000006
-0.114253,-3.500308,0.002162,1.000000,-0.000024,-0.000031,0.000036
-0.116804,-3.500297,0.002116,1.000000,-0.000050,-0.000027,0.000045
-0.119351,-3.500326,0.002069,1.000000,-0.000068,-0.000033,0.000050
-0.121897,-3.500345,0.002025,1.000000,-0.000081,-0.000042,0.000049
-0.124444,-3.500379,0.001989,1.000000,-0.000084,-0.000048,0.000053
-0.126994,-3.500399,0.001944,1.000000,-0.000084,-0.000057,0.000050
-0.129544,-3.500430,0.001906,1.000000,-0.000077,-0.000063,0.000051
-0.132110,-3.500360,0.002006,1.000000,-0.000050,-0.000033,0.000023
-0.134677,-3.500280,0.001967,1.000000,-0.000056,-0.000036,-0.000011
-0.137251,-3.500280,0.001937,1.000000,-0.000047,-0.000034,-0.000024
-0.139832,-3.500309,0.001936,1.000000,-0.000032,-0.000029,-0.000027
-0.142421,-3.500345,0.001934,1.000000,-0.000016,-0.000023,-0.000031
-0.145019,-3.500384,0.001924,1.000000,-0.000001,-0.000017,-0.000035
-0.147625,-3.500450,0.001962,1.000000,0.000036,-0.000010,-0.000030
-0.150247,-3.500430,0.001791,1.000000,-0.000017,-0.000006,0.000003
-0.152866,-3.500247,0.002031,1.000000,0.000017,-0.000012,0.000025
-0.155461,-3.500223,0.002144,1.000000,0.000029,-0.000023,0.000011
-0.158040,-3.500223,0.002159,1.000000,0.000028,-0.000044,0.000001
-0.160595,-3.500284,0.002059,1.000000,0.000018,-0.000062,-0.000010
-0.163133,-3.500314,0.001988,1.000000,-0.000003,-0.000075,-0.000023
-0.165659,-3.500323,0.002030,1.000000,-0.000002,-0.000083,-0.000028
-0.168168,-3.500364,0.002027,1.000000,-0.000009,-0.000088,-0.000036
-0.170661,-3.500409,0.002009,1.000000,-0.000017,-0.000093,-0.000045
-0.173148,-3.500443,0.002013,1.000000,-0.000004,-0.000097,-0.000028
-0.175608,-3.500339,0.001886,1.000000,-0.000013,-0.000119,-0.000011
-0.178026,-3.500334,0.001807,1.000000,-0.000016,-0.000132,-0.000017
-0.180411,-3.500264,0.001827,1.000000,0.000006,-0.000140,-0.000001
-0.182749,-3.500247,0.001737,1.000000,0.000008,-0.000124,0.000009
-0.185041,-3.500260,0.001656,1.000000,0.000012,-0.000113,0.000012
-0.187254,-3.500738,0.001356,1.000000,-0.000086,-0.000119,-0.000123
-0.189503,-3.500311,0.001531,1.000000,-0.000011,-0.000157,0.000026
-0.191677,-3.500214,0.001517,1.000000,-0.000015,-0.000164,0.000014
-0.193800,-3.500234,0.001428,1.000000,-0.000024,-0.000149,0.000009
-0.195868,-3.500254,0.001454,1.000000,0.000007,-0.000130,0.000002
-0.197879,-3.500254,0.001373,1.000000,0.000015,-0.000124,0.000000
-0.199832,-3.500265,0.001245,1.000000,0.000019,-0.000115,-0.000004
-0.201729,-3.500278,0.001111,1.000000,0.000024,-0.000105,-0.000009
-0.203572,-3.500296,0.000977,1.000000,0.000028,-0.000098,-0.000015
-0.205369,-3.500318,0.000834,1.000000,0.000039,-0.000088,-0.000014
-0.207118,-3.500339,0.000671,1.000000,0.000045,-0.000081,-0.000020
-0.208817,-3.500431,0.000340,1.000000,-0.000014,-0.000065,-0.000005
-0.210459,-3.500327,0.000261,1.000000,0.000029,-0.000052,-0.000058
-0.212070,-3.500251,0.000215,1.000000,0.000001,-0.000051,-0.000032
-0.213605,-3.500248,0.000125,1.000000,-0.000018,-0.000058,-0.000030
-0.215073,-3.500223,0.000097,1.000000,-0.000022,-0.000064,-0.000008
-0.216453,-3.500216,0.000020,1.000000,-0.000038,-0.000074,-0.000014
-0.217751,-3.500221,-0.000051,1.000000,-0.000052,-0.000085,-0.000014
-0.218963,-3.500226,0.000075,1.000000,-0.000015,-0.000112,-0.000009
-0.220080,-3.500195,0.000009,1.000000,-0.000021,-0.000102,0.000009
-0.221099,-3.500205,-0.000062,1.000000,-0.000025,-0.000096,0.000007
-0.222019,-3.500200,-0.000133,1.000000,-0.000026,-0.000084,0.000012
-0.222839,-3.500206,-0.000193,1.000000,-0.000024,-0.000069,0.000013
-0.223554,-3.500203,-0.000239,1.000000,-0.000021,-0.000053,0.000019
-0.224163,-3.500207,-0.000275,1.000000,-0.000017,-0.000033,0.000022
-0.224662,-3.500209,-0.000312,1.000000,-0.000011,-0.000008,0.000026
-0.225051,-3.500215,-0.000354,1.000000,-0.000005,0.000010,0.000024
-0.225320,-3.500194,-0.000412,1.000000,0.000000,0.000036,0.000034
-0.225463,-3.500210,-0.000449,1.000000,0.000004,0.000052,0.000027
-0.225477,-3.500237,-0.000400,1.000000,0.000035,0.000073,0.000039
-0.225346,-3.500189,-0.000434,1.000000,0.000041,0.000069,0.000033
-0.225060,-3.500201,-0.000495,1.000000,0.000039,0.000060,0.000017
-0.224624,-3.500195,-0.000513,1.000000,0.000039,0.000051,0.000022
-0.224022,-3.500167,-0.000519,1.000000,0.000051,0.000028,0.000025
-0.223263,-3.500175,-0.000630,1.000000,0.000032,-0.000004,0.000025
-0.222332,-3.500068,-0.000623,1.000000,0.000030,0.000031,-0.000019
-0.221236,-3.500123,-0.000619,1.000000,0.000023,0.000054,0.000001
-0.219949,-3.500153,-0.000632,1.000000,0.000014,0.000069,0.000012
-0.218470,-3.500159,-0.000625,1.000000,0.000011,0.000087,0.000012
-0.216795,-3.500139,-0.000639,1.000000,0.000010,0.000108,0.000012
-0.214911,-3.500166,-0.000719,1.000000,-0.000001,0.000100,0.000017
-0.212812,-3.500170,-0.000780,1.000000,-0.000007,0.000085,0.000017
-0.210488,-3.500172,-0.000836,1.000000,-0.000011,0.000067,0.000013
-0.207928,-3.500178,-0.000893,1.000000,-0.000013,0.000045,0.000010
-0.205120,-3.500196,-0.000957,1.000000,-0.000012,0.000018,0.000011
-0.202042,-3.500218,-0.000992,1.000000,0.000000,-0.000004,-0.000003
-0.198702,-3.500242,-0.001095,1.000000,-0.000004,-0.000005,0.000003
-0.195092,-3.500166,-0.001324,1.000000,-0.000041,-0.000012,-0.000018
-0.191216,-3.500190,-0.001372,1.000000,-0.000020,-0.000062,-0.000019
-0.187034,-3.500294,-0.001509,1.000000,-0.000040,-0.000047,-0.000033
-0.182565,-3.500311,-0.001732,1.000000,-0.000105,-0.000037,-0.000017
-0.177813,-3.500385,-0.001760,1.000000,-0.000073,-0.000048,-0.000000
-0.172800,-3.500260,-0.001624,1.000000,-0.000049,-0.000070,0.000014
-0.167479,-3.500383,-0.001246,1.000000,0.000088,-0.000088,0.000063
-0.161832,-3.500301,-0.001609,1.000000,-0.000008,-0.000092,0.000006
-0.155896,-3.500253,-0.001701,1.000000,-0.000002,-0.000134,0.000014
-0.149645,-3.500240,-0.001719,1.000000,0.000000,-0.000098,-0.000013
-0.143078,-3.500359,-0.001799,1.000000,-0.000012,-0.000050,-0.000010
-0.136178,-3.500465,-0.001896,1.000000,-0.000031,-0.000012,0.000009
-0.128960,-3.500434,-0.001947,1.000000,-0.000029,-0.000025,0.000051
-0.121372,-3.500445,-0.001649,1.000000,0.000052,-0.000026,0.000075
-0.113407,-3.500335,-0.001701,1.000000,0.000004,-0.000021,0.000009
-0.105076,-3.500386,-0.001727,1.000000,-0.000000,-0.000010,-0.000029
-0.096373,-3.500384,-0.001734,1.000000,-0.000014,-0.000024,-0.000028
-0.087297,-3.500368,-0.001937,1.000000,-0.000029,-0.000046,0.000031
-0.077813,-3.500417,-0.001975,1.000000,-0.000029,-0.000066,0.000054
-0.067937,-3.500387,-0.001994,1.000000,-0.000026,-0.000041,0.000035
-0.057681,-3.500396,-0.002120,1.000000,-0.000079,-0.000032,0.000025
-0.047013,-3.500372,-0.001787,1.000000,0.000044,-0.000034,0.000038
-0.035916,-3.500334,-0.001960,1.000000,0.000001,-0.000044,0.000006
-0.024391,-3.500466,-0.002260,1.000000,-0.000096,-0.000042,0.000038
-0.012431,-3.500395,-0.002109,1.000000,-0.000026,-0.000071,0.000037
-0.000026,-3.500336,-0.002034,1.000000,-0.000001,-0.000046,-0.000010
0.012858,-3.500433,-0.002188,1.000000,-0.000056,-0.000032,-0.000041
0.026197,-3.500391,-0.002044,1.000000,0.000014,-0.000040,0.000021
0.040020,-3.500490,-0.002442,1.000000,-0.000143,-0.000080,0.000044
0.054325,-3.500541,-0.002246,1.000000,-0.000009,-0.000073,0.000018
0.069105,-3.500363,-0.002217,1.000000,-0.000009,-0.000104,0.000027
0.084398,-3.500407,-0.002125,1.000000,0.000034,-0.000079,0.000001
0.100204,-3.500333,-0.002225,1.000000,-0.000027,-0.000067,0.000014
0.116523,-3.500425,-0.002617,1.000000,-0.000148,-0.000098,-0.000008
0.133367,-3.500339,-0.002879,1.000000,-0.000230,-0.000106,0.000008
0.150749,-3.500478,-0.002344,1.000000,-0.000009,-0.000095,0.000003
0.168682,-3.500405,-0.002244,1.000000,0.000009,-0.000129,0.000024
0.187194,-3.500626,-0.002791,1.000000,-0.000169,-0.000085,-0.000039
0.206239,-3.500393,-0.002669,1.000000,-0.000071,-0.000104,0.000012
0.225865,-3.500433,-0.002671,1.000000,-0.000078,-0.000147,0.000024
0.246094,-3.500455,-0.002377,1.000000,0.000044,-0.000136,0.000030
0.266973,-3.501018,-0.002979,1.000000,-0.000225,-0.000149,-0.000125
0.288395,-3.500485,-0.002634,1.000000,-0.000010,-0.000199,-0.000023
0.310470,-3.500634,-0.002847,1.000000,-0.000126,-0.000187,-0.000009
0.333176,-3.500517,-0.002621,1.000000,0.000001,-0.000197,0.000041
0.356539,-3.500502,-0.002719,1.000000,-0.000075,-0.000215,0.000023
0.380598,-3.500722,-0.002204,1.000000,0.000150,-0.000196,-0.000038
0.405331,-3.500750,-0.002746,1.000000,-0.000118,-0.000175,-0.000004
0.430723,-3.500567,-0.002547,1.000000,0.000018,-0.000184,0.000045
0.456866,-3.500966,-0.003076,1.000000,-0.000213,-0.000186,-0.000020
0.483663,-3.500629,-0.002760,1.000000,-0.000033,-0.000233,0.000063
0.511184,-3.500614,-0.002831,1.000000,-0.000109,-0.000286,0.000102
0.539514,-3.501122,-0.002025,1.000000,0.000248,-0.000269,-0.000063
0.568547,-3.500855,-0.002595,1.000000,-0.000112,-0.000254,0.000011
0.598343,-3.500677,-0.002452,1.000000,0.000020,-0.000227,-0.000046
0.628899,-3.500704,-0.002750,1.000000,-0.000166,-0.000195,-0.000078
0.660203,-3.500432,-0.003008,1.000000,-0.000244,-0.000245,0.000013
0.692335,-3.501067,-0.002033,1.000000,0.000208,-0.000244,-0.000004
0.725285,-3.501152,-0.002655,1.000000,-0.000230,-0.000254,0.000013
0.759054,-3.501059,-0.001985,1.000000,0.000153,-0.000255,0.000028
0.793682,-3.501247,-0.002540,1.000000,-0.000236,-0.000267,-0.000034
0.829155,-3.501034,-0.001913,1.000000,0.000114,-0.000222,-0.000151
0.865456,-3.501258,-0.002429,1.000000,-0.000240,-0.000171,-0.000043
0.902686,-3.501358,-0.001470,1.000000,0.000254,-0.000169,-0.000027
0.940795,-3.501440,-0.002227,1.000000,-0.000284,-0.000155,0.000004
0.979806,-3.501117,-0.001448,1.000000,0.000155,-0.000128,-0.000085
1.019702,-3.501408,-0.002144,1.000000,-0.000295,-0.000121,-0.000017
1.060554,-3.501065,-0.001403,1.000000,0.000175,-0.000079,-0.000090
1.102319,-3.501514,-0.002140,1.000000,-0.000306,-0.000029,-0.000010
1.145059,-3.500923,-0.001329,1.000000,0.000109,0.000015,-0.000088
1.188736,-3.501532,-0.001894,1.000000,-0.000375,0.000057,-0.000047
1.233440,-3.501705,-0.000584,1.000000,0.000337,0.000081,-0.000017
1.279119,-3.501545,-0.001436,1.000000,-0.000273,0.000059,-0.000009
1.325740,-3.500912,-0.000923,1.000000,0.000072,0.000028,0.000172
1.373474,-3.501523,-0.001536,1.000000,-0.000496,-0.000095,0.000140
1.422272,-3.501916,0.000023,1.000000,0.000393,-0.000129,-0.000010
1.472075,-3.501865,-0.000914,1.000000,-0.000330,-0.000117,-0.000009
1.522953,-3.501984,0.000176,1.000000,0.000344,-0.000073,0.000030
1.574905,-3.502081,-0.000957,1.000000,-0.000476,-0.000079,0.000068
1.627899,-3.500582,-0.000684,1.000000,-0.000189,-0.000066,-0.000045
1.682003,-3.500753,-0.000317,1.000000,-0.000099,-0.000014,-0.000059
1.737334,-3.501054,0.000001,1.000000,0.000015,-0.000063,-0.000029
1.793859,-3.501260,-0.000697,1.000000,-0.000340,-0.000013,-0.000177
1.851523,-3.501963,0.000516,1.000000,0.000455,-0.000047,-0.000071
1.910376,-3.502110,-0.000874,1.000000,-0.000483,-0.000107,0.000073
1.970333,-3.500544,-0.002446,1.000000,-0.000958,-0.000164,0.000007
2.031431,-3.499642,-0.001929,1.000000,-0.000049,-0.000199,0.000017
2.093907,-3.500569,-0.001879,1.000000,-0.000125,-0.000213,0.000011
2.157722,-3.501226,-0.000742,1.000000,0.000352,-0.000240,0.000247
2.222881,-3.502046,-0.001782,1.000000,-0.000590,-0.000443,0.000264
2.289163,-3.500484,-0.001667,1.000000,-0.000437,-0.000482,0.000078
2.356695,-3.500826,-0.000439,1.000000,0.000132,-0.000500,-0.000008
2.425679,-3.501611,-0.001013,1.000000,-0.000464,-0.000510,-0.000019
2.496051,-3.502125,0.000667,1.000000,0.000356,-0.000508,0.000024
2.567754,-3.502250,-0.000268,1.000000,-0.000580,-0.000554,0.000098
2.640708,-3.500975,0.000732,1.000000,-0.000084,-0.000633,0.000199
2.715066,-3.500810,0.000682,1.000000,-0.000289,-0.000677,0.000174
2.790953,-3.501442,0.001945,1.000000,0.000256,-0.000666,0.000094
2.868336,-3.502013,0.000958,0.999999,-0.000703,-0.000714,-0.000016
2.947093,-3.501819,0.002671,1.000000,0.000181,-0.000716,0.000014
3.027291,-3.501828,0.002188,1.000000,-0.000505,-0.000780,0.000024
3.108974,-3.501867,0.003713,1.000000,0.000276,-0.000821,0.000048
3.192199,-3.501894,0.002954,0.999999,-0.000536,-0.000924,0.000037
3.276901,-3.501437,0.004268,0.999999,0.000116,-0.001007,0.000089
3.363208,-3.501733,0.003853,0.999999,-0.000547,-0.001150,0.000071
3.451015,-3.500941,0.005085,0.999999,-0.000003,-0.001262,0.000179
3.540467,-3.501064,0.005547,0.999999,-0.000038,-0.001308,0.000103
3.631567,-3.501294,0.005857,0.999999,-0.000010,-0.001237,0.000039
3.724250,-3.501325,0.005008,0.999999,-0.000477,-0.001290,0.000251
3.818643,-3.501612,0.006231,0.999999,0.000355,-0.001155,0.000232
3.914697,-3.501949,0.005278,0.999999,-0.000461,-0.001131,0.000060
4.012357,-3.500852,0.005874,0.999999,-0.000128,-0.001095,-0.000062
4.111715,-3.500985,0.005916,0.999999,-0.000292,-0.001058,-0.000201
4.212874,-3.501920,0.007491,0.999999,0.000470,-0.001109,-0.000098
4.315838,-3.502155,0.006381,0.999999,-0.000498,-0.001210,0.000029
4.420492,-3.502019,0.007789,0.999999,0.000360,-0.001237,0.000108
4.526914,-3.501925,0.007075,0.999999,-0.000492,-0.001303,0.000127
4.635134,-3.501791,0.008548,0.999999,0.000328,-0.001323,0.000096
4.745213,-3.501793,0.008018,0.999999,-0.000398,-0.001365,0.000045
4.857144,-3.501948,0.009568,0.999999,0.000356,-0.001396,0.000039
4.970973,-3.502011,0.008907,0.999999,-0.000440,-0.001456,0.000042
5.086665,-3.502032,0.010515,0.999999,0.000388,-0.001482,0.000064
5.204283,-3.501964,0.009939,0.999999,-0.000416,-0.001539,0.000064
5.323786,-3.500790,0.009208,0.999998,-0.000735,-0.001586,0.000004
5.445212,-3.500457,0.010396,0.999999,0.000256,-0.001615,0.000012
5.568712,-3.500994,0.010342,0.999999,-0.000080,-0.001634,-0.000013
5.694237,-3.500626,0.010610,0.999999,-0.000084,-0.001618,-0.000050
5.821773,-3.500933,0.011635,0.999999,0.000157,-0.001617,-0.000103
5.951404,-3.502085,0.011050,0.999999,-0.000482,-0.001630,-0.000065
6.083055,-3.502060,0.013108,0.999999,0.000313,-0.001697,0.000103
6.216784,-3.502043,0.012917,0.999998,-0.000466,-0.001856,0.000183
6.352588,-3.502102,0.014888,0.999998,0.000419,-0.001905,0.000118
6.490544,-3.501978,0.014597,0.999998,-0.000360,-0.001971,0.000052
6.630629,-3.502049,0.016363,0.999998,0.000360,-0.002014,0.000029
6.772932,-3.502151,0.015998,0.999998,-0.000399,-0.002086,0.000018
6.917400,-3.501849,0.017789,0.999998,0.000266,-0.002086,-0.000002
7.064081,-3.501889,0.017566,0.999998,-0.000406,-0.002113,0.000027
7.213007,-3.502008,0.019435,0.999998,0.000406,-0.002108,0.000060
7.364223,-3.502119,0.019131,0.999998,-0.000379,-0.002147,0.000050
7.517697,-3.502179,0.021008,0.999998,0.000413,-0.002164,0.000049
7.673473,-3.502106,0.020553,0.999998,-0.000411,-0.002192,0.000091
7.831543,-3.501236,0.021638,0.999997,-0.000084,-0.002293,0.000050
7.991942,-3.500961,0.022545,0.999997,-0.000098,-0.002376,0.000176
8.154825,-3.501009,0.023353,0.999997,-0.000128,-0.002323,-0.000166
8.320018,-3.500893,0.024932,0.999997,0.000189,-0.002345,-0.000032
8.487691,-3.501696,0.024907,0.999997,-0.000526,-0.002421,0.000079
8.657808,-3.501160,0.025999,0.999997,-0.000357,-0.002447,-0.000022
8.830326,-3.501251,0.028002,0.999997,0.000090,-0.002517,0.000024
9.005392,-3.502067,0.028277,0.999996,-0.000610,-0.002607,0.000086
9.182929,-3.501125,0.030052,0.999997,-0.000176,-0.002559,0.000049
9.362980,-3.501369,0.031771,0.999997,0.000047,-0.002483,-0.000010
9.545615,-3.501523,0.033013,0.999997,0.000149,-0.002539,-0.000088
9.730840,-3.501844,0.032963,0.999997,-0.000295,-0.002491,-0.000250
9.918580,-3.501330,0.032998,0.999997,-0.000545,-0.002513,-0.000066
10.108908,-3.500791,0.034502,0.999997,-0.000242,-0.002468,0.000124
10.301939,-3.501445,0.036720,0.999997,0.000216,-0.002423,0.000092
10.497651,-3.502229,0.036889,0.999997,-0.000597,-0.002405,0.000049
10.695986,-3.502216,0.039526,0.999997,0.000267,-0.002387,0.000005
10.897008,-3.502441,0.040013,0.999997,-0.000411,-0.002407,-0.000047
11.100704,-3.501515,0.041895,0.999997,0.000027,-0.002351,-0.000040
11.307111,-3.500824,0.043042,0.999997,-0.000017,-0.002301,-0.000071
11.516269,-3.500866,0.044087,0.999997,0.000048,-0.002344,-0.000078
11.728187,-3.501338,0.044737,0.999997,-0.000119,-0.002301,-0.000018
11.942890,-3.501593,0.046481,0.999997,0.000224,-0.002298,-0.000064
12.160389,-3.502165,0.046836,0.999997,-0.000152,-0.002281,-0.000189
12.380630,-3.502537,0.049039,0.999997,0.000468,-0.002290,-0.000120
12.603689,-3.502460,0.049256,0.999997,0.000009,-0.002292,-0.000075
12.829569,-3.501956,0.050740,0.999997,0.000181,-0.002293,0.000003
13.058287,-3.501500,0.051390,0.999997,-0.000090,-0.002316,-0.000004
13.289823,-3.501020,0.053396,0.999997,0.000201,-0.002308,-0.000051
13.524189,-3.501692,0.054392,0.999997,-0.000033,-0.002313,-0.000090
13.761379,-3.501804,0.055969,0.999997,0.000148,-0.002343,-0.000081
14.001382,-3.502264,0.056276,0.999997,-0.000273,-0.002363,0.000079
14.244255,-3.501567,0.057955,0.999997,-0.000014,-0.002335,0.000092
14.489970,-3.501493,0.058756,0.999997,-0.000211,-0.002317,0.000051
14.738503,-3.501797,0.059880,0.999997,-0.000199,-0.002341,-0.000066
14.989791,-3.501920,0.062004,0.999997,0.000182,-0.002321,0.000026
15.243899,-3.502666,0.062746,0.999997,-0.000441,-0.002378,0.000021
15.500813,-3.501763,0.065496,0.999997,0.000251,-0.002355,-0.000134
15.760481,-3.501790,0.067003,0.999997,-0.000222,-0.002298,-0.000176
16.022840,-3.502055,0.068010,0.999997,-0.000282,-0.002299,-0.000083
16.287911,-3.502155,0.069021,0.999997,-0.000344,-0.002304,-0.000066
16.555693,-3.501770,0.071191,0.999997,0.000054,-0.002349,-0.000221
16.826054,-3.502381,0.072512,0.999997,-0.000203,-0.002327,-0.000203
17.098978,-3.501952,0.074934,0.999997,0.000280,-0.002294,0.000053
17.374578,-3.501743,0.076047,0.999997,-0.000285,-0.002488,-0.000062
17.652594,-3.501067,0.078453,0.999997,0.000296,-0.002571,-0.000099
17.933000,-3.500923,0.079874,0.999997,0.000039,-0.002558,0.000175
18.215744,-3.501834,0.080717,0.999996,-0.000514,-0.002596,0.000444
18.500835,-3.501447,0.083505,0.999997,0.000460,-0.002418,0.000324
18.788322,-3.500619,0.084841,0.999997,0.000123,-0.002403,-0.000075
19.077959,-3.501510,0.086130,0.999997,-0.000203,-0.002389,-0.000351
19.369538,-3.502921,0.087790,0.999997,0.000106,-0.002264,-0.000792
19.662996,-3.505495,0.089249,0.999997,0.000144,-0.002215,-0.001190
19.958384,-3.508076,0.089744,0.999995,-0.000552,-0.002427,-0.001907
20.255671,-3.509666,0.090309,0.999991,-0.000975,-0.002615,-0.003269
20.554640,-3.511815,0.091597,0.999985,-0.000863,-0.002585,-0.004736
20.855103,-3.515363,0.092971,0.999979,-0.000623,-0.002524,-0.005975
21.156946,-3.520073,0.094569,0.999972,-0.000204,-0.002382,-0.007039
21.460128,-3.525606,0.096629,0.999965,0.000505,-0.002099,-0.008035
21.764600,-3.530909,0.097733,0.999955,0.000211,-0.002079,-0.009293
22.070204,-3.537754,0.098811,0.999946,-0.000082,-0.002046,-0.010226
22.376831,-3.546187,0.099908,0.999940,-0.000355,-0.001999,-0.010806
22.684444,-3.556231,0.101017,0.999937,-0.000597,-0.001940,-0.011025
22.992959,-3.567930,0.102137,0.999939,-0.000804,-0.001870,-0.010871
23.302292,-3.581326,0.103270,0.999945,-0.000970,-0.001790,-0.010335
23.612356,-3.596462,0.104417,0.999954,-0.001095,-0.001702,-0.009407
23.923066,-3.613382,0.105575,0.999965,-0.001180,-0.001606,-0.008078
24.234336,-3.632134,0.106744,0.999978,-0.001226,-0.001503,-0.006341
24.546082,-3.652765,0.107922,0.999989,-0.001238,-0.001393,-0.004188
24.858224,-3.675326,0.109109,0.999997,-0.001221,-0.001278,-0.001614
25.170677,-3.699867,0.110302,0.999998,-0.001179,-0.001157,0.001387
25.483363,-3.726440,0.111500,0.999987,-0.001117,-0.001032,0.004816
25.796200,-3.755098,0.112702,0.999961,-0.001042,-0.000902,0.008679
26.109112,-3.785894,0.113905,0.999915,-0.000958,-0.000768,0.012975
26.422020,-3.818883,0.115108,0.999843,-0.000870,-0.000631,0.017707
26.734849,-3.854117,0.116309,0.999738,-0.000783,-0.000492,0.022875
27.047524,-3.891652,0.117509,0.999594,-0.000700,-0.000352,0.028476
27.359973,-3.931540,0.118704,0.999404,-0.000624,-0.000211,0.034511
27.672122,-3.973835,0.119894,0.999160,-0.000558,-0.000072,0.040975
27.983901,-4.018589,0.121078,0.998854,-0.000503,0.000065,0.047866
28.295240,-4.065855,0.122254,0.998476,-0.000460,0.000197,0.055179
28.606071,-4.115682,0.123422,0.998019,-0.000429,0.000324,0.062908
28.916327,-4.168121,0.124581,0.997473,-0.000411,0.000443,0.071049
29.225940,-4.223219,0.125729,0.996827,-0.000405,0.000554,0.079593
29.534845,-4.281022,0.126867,0.996073,-0.000411,0.000655,0.088535
29.842976,-4.341576,0.127993,0.995199,-0.000427,0.000744,0.097864
30.150268,-4.404922,0.129107,0.994197,-0.000454,0.000822,0.107574
30.456658,-4.471100,0.130209,0.993054,-0.000490,0.000886,0.117653
30.762079,-4.540150,0.131298,0.991762,-0.000534,0.000938,0.128093
31.066467,-4.612107,0.132375,0.990308,-0.000588,0.000976,0.138882
31.369757,-4.687005,0.133440,0.988684,-0.000650,0.001000,0.150010
31.671882,-4.764874,0.134494,0.986878,-0.000720,0.001012,0.161464
31.972777,-4.845744,0.135536,0.984880,-0.000798,0.001010,0.173234
32.272371,-4.929640,0.136568,0.982680,-0.000885,0.000996,0.185306
32.570597,-5.016588,0.137590,0.980268,-0.000980,0.000970,0.197668
32.867383,-5.106608,0.138604,0.977634,-0.001083,0.000933,0.210308
33.162655,-5.199719,0.139611,0.974769,-0.001196,0.000886,0.223212
33.456339,-5.295939,0.140611,0.971663,-0.001316,0.000829,0.236367
33.748356,-5.395283,0.141605,0.968306,-0.001445,0.000763,0.249760
34.038628,-5.497764,0.142595,0.964691,-0.001582,0.000690,0.263378
34.327071,-5.603393,0.143582,0.960809,-0.001726,0.000609,0.277206
34.613599,-5.712181,0.144567,0.956650,-0.001875,0.000523,0.291232
34.898125,-5.824134,0.145550,0.952208,-0.002030,0.000431,0.305443
35.180555,-5.939262,0.146533,0.947474,-0.002188,0.000335,0.319825
35.460795,-6.057569,0.147518,0.942441,-0.002348,0.000236,0.334365
35.738746,-6.179062,0.148504,0.937101,-0.002510,0.000134,0.349051
36.014306,-6.303744,0.149493,0.931446,-0.002671,0.000032,0.363869
36.287370,-6.431622,0.150485,0.925471,-0.002830,-0.000070,0.378808
36.557827,-6.562698,0.151482,0.919168,-0.002987,-0.000172,0.393855
36.825566,-6.696979,0.152484,0.912529,-0.003139,-0.000271,0.408999
37.090470,-6.834470,0.153492,0.905549,-0.003286,-0.000366,0.424228
37.352418,-6.975176,0.154507,0.898221,-0.003428,-0.000457,0.439531
37.611287,-7.119104,0.155530,0.890537,-0.003563,-0.000541,0.454897
37.866949,-7.266264,0.156561,0.882490,-0.003692,-0.000620,0.470316
38.119274,-7.416664,0.157600,0.874074,-0.003814,-0.000690,0.485777
38.368127,-7.570317,0.158650,0.865281,-0.003929,-0.000751,0.501271
38.613372,-7.727237,0.159709,0.856103,-0.004036,-0.000803,0.516788
38.854867,-7.887439,0.160779,0.846533,-0.004138,-0.000845,0.532320
39.092469,-8.050943,0.161860,0.836561,-0.004232,-0.000876,0.547857
39.326033,-8.217771,0.162952,0.826179,-0.004320,-0.000895,0.563391
39.555409,-8.387947,0.164056,0.815377,-0.004403,-0.000903,0.578913
39.780447,-8.561501,0.165171,0.804145,-0.004479,-0.000900,0.594415
40.000993,-8.738465,0.166298,0.792473,-0.004550,-0.000885,0.609890
40.216894,-8.918874,0.167436,0.780348,-0.004616,-0.000860,0.625328
40.427993,-9.102770,0.168586,0.767757,-0.004677,-0.000823,0.640723
40.634133,-9.290196,0.169746,0.754688,-0.004733,-0.000777,0.656067
40.835156,-9.481204,0.170916,0.741125,-0.004785,-0.000722,0.671350
41.030906,-9.675846,0.172096,0.727053,-0.004833,-0.000658,0.686564
41.221224,-9.874182,0.173285,0.712454,-0.004877,-0.000589,0.701701
41.405954,-10.076276,0.174482,0.697312,-0.004917,-0.000514,0.716751
41.584942,-10.282198,0.175686,0.681605,-0.004953,-0.000437,0.731704
41.758034,-10.492022,0.176897,0.665313,-0.004987,-0.000358,0.746548
41.925080,-10.705828,0.178113,0.648414,-0.005018,-0.000281,0.761271
42.085932,-10.923700,0.179333,0.630885,-0.005046,-0.000207,0.775860
42.240447,-11.145727,0.180557,0.612699,-0.005072,-0.000140,0.790300
42.388487,-11.372003,0.181783,0.593831,-0.005096,-0.000082,0.804574
42.529919,-11.602627,0.183010,0.574252,-0.005117,-0.000035,0.818663
42.664615,-11.837701,0.184238,0.553933,-0.005137,-0.000003,0.832545
42.792454,-12.077331,0.185465,0.532845,-0.005153,0.000012,0.846197
42.913325,-12.321624,0.186692,0.510954,-0.005167,0.000006,0.859593
43.027122,-12.570692,0.187917,0.488228,-0.005178,-0.000021,0.872700
43.133750,-12.824645,0.189141,0.464636,-0.005184,-0.000073,0.885487
43.233120,-13.083597,0.190363,0.440142,-0.005184,-0.000152,0.897913
43.325158,-13.347659,0.191583,0.414714,-0.005177,-0.000257,0.909937
43.409795,-13.616941,0.192802,0.388317,-0.005162,-0.000389,0.921511
43.486976,-13.891551,0.194022,0.360921,-0.005137,-0.000549,0.932582
43.556656,-14.171592,0.195242,0.332494,-0.005099,-0.000734,0.943091
43.618800,-14.457165,0.196465,0.303008,-0.005047,-0.000942,0.952974
43.673384,-14.748362,0.197694,0.272436,-0.004979,-0.001168,0.962160
43.720395,-15.045269,0.198929,0.240757,-0.004893,-0.001409,0.970572
43.759831,-15.347965,0.200176,0.207953,-0.004788,-0.001658,0.978126
43.791700,-15.656519,0.201436,0.174014,-0.004663,-0.001906,0.984730
43.816008,-15.970975,0.202713,0.138938,-0.004518,-0.002145,0.990288
43.832746,-16.291332,0.204012,0.102745,-0.004354,-0.002365,0.994695
43.841927,-16.617607,0.205336,0.065454,-0.004172,-0.002554,0.997844
43.843582,-16.949822,0.206690,0.027091,-0.003977,-0.002702,0.999621
43.837749,-17.287985,0.208077,-0.012306,-0.003772,-0.002797,0.999913
43.824475,-17.632097,0.209500,-0.052686,-0.003563,-0.002830,0.998601
43.803815,-17.982152,0.210963,-0.093986,-0.003357,-0.002794,0.995564
43.775832,-18.338132,0.212467,-0.136124,-0.003161,-0.002684,0.990683
43.740600,-18.700016,0.214008,-0.179003,-0.002980,-0.002503,0.983841
43.698202,-19.067773,0.215584,-0.222504,-0.002818,-0.002261,0.974925
43.648734,-19.441369,0.217186,-0.266490,-0.002676,-0.001978,0.963832
43.592296,-19.820758,0.218802,-0.310800,-0.002546,-0.001686,0.950470
43.528995,-20.205886,0.220413,-0.355250,-0.002410,-0.001428,0.934767
43.458936,-20.596688,0.221999,-0.399633,-0.002244,-0.001252,0.916672
43.382214,-20.993082,0.223541,-0.443720,-0.002014,-0.001197,0.896162
