-0.000000,1.497278,0.000000,1.000000,0.000000,0.000000,-0.000000
0.000000,1.491833,0.000000,1.000000,0.000000,0.000000,0.000000
-0.000000,1.483667,0.000000,1.000000,0.000000,0.000000,-0.000000
-0.000000,1.472778,0.000000,1.000000,0.000000,0.000000,-0.000000
0.000000,1.459167,0.000000,1.000000,0.000000,0.000000,0.000000
0.000000,1.442833,0.000000,1.000000,0.000000,0.000000,0.000000
-0.000000,1.423778,0.000000,1.000000,0.000000,0.000000,-0.000000
-0.000000,1.402000,0.000000,1.000000,0.000000,0.000000,-0.000000
-0.000000,1.377500,0.000000,1.000000,0.000000,0.000000,-0.000000
-0.000000,1.350278,0.000000,1.000000,0.000000,0.000000,-0.000000
-0.000000,1.320333,0.000000,1.000000,0.000000,0.000000,-0.000000
-0.000000,1.287667,0.000000,1.000000,0.000000,0.000000,-0.000000
0.000000,1.252278,0.000000,1.000000,0.000000,0.000000,0.000000
0.000000,1.214167,0.000000,1.000000,0.000000,0.000000,0.000000
0.000000,1.173333,0.000000,1.000000,0.000000,0.000000,0.000000
0.000000,1.129778,0.000000,1.000000,0.000000,0.000000,0.000000
0.000000,1.083500,0.000000,1.000000,0.000000,0.000000,0.000000
0.000000,1.034500,0.000000,1.000000,0.000000,0.000000,0.000000
0.000306,0.988802,-0.001101,1.000000,-0.000298,-0.000000,0.000051
0.000152,0.987918,-0.004430,1.000000,-0.000377,-0.000002,0.000027
-0.000018,1.001375,-0.006952,1.000000,-0.000528,-0.000003,-0.000001
-0.000179,1.013565,-0.008611,1.000000,-0.000722,-0.000005,-0.000027
-0.000341,1.016695,-0.010257,1.000000,-0.000917,-0.000005,-0.000053
-0.000502,1.015465,-0.011909,0.999999,-0.001111,-0.000005,-0.000079
-0.000663,1.011817,-0.013561,0.999999,-0.001305,-0.000003,-0.000105
-0.000824,1.005670,-0.015213,0.999999,-0.001499,0.000000,-0.000131
-0.000894,1.000722,-0.016285,0.999999,-0.001437,0.000014,-0.000142
-0.000916,0.998290,-0.014485,0.999999,-0.001261,0.000035,-0.000144
-0.001048,0.997864,-0.011312,1.000000,-0.000953,0.000050,-0.000166
-0.001111,0.998513,-0.007248,1.000000,-0.000589,0.000053,-0.000177
-0.001177,0.998949,-0.002817,1.000000,-0.000212,0.000041,-0.000187
-0.001252,0.999016,0.001537,1.000000,0.000145,0.000014,-0.000200
-0.001329,0.998977,0.005439,1.000000,0.000455,-0.000026,-0.000213
-0.001478,0.999006,0.008715,1.000000,0.000682,-0.000074,-0.000238
-0.001624,0.999111,0.011131,1.000000,0.000816,-0.000128,-0.000264
-0.001715,0.999222,0.012585,1.000000,0.000864,-0.000182,-0.000280
-0.001847,0.999243,0.013059,1.000000,0.000834,-0.000231,-0.000303
-0.001983,0.999206,0.012626,1.000000,0.000750,-0.000273,-0.000328
-0.002130,0.999100,0.011487,1.000000,0.000615,-0.000303,-0.000355
-0.002247,0.998992,0.009728,1.000000,0.000460,-0.000319,-0.000376
-0.002405,0.998936,0.007729,1.000000,0.000284,-0.000320,-0.000406
-0.002566,0.998922,0.005593,1.000000,0.000106,-0.000305,-0.000436
-0.002726,0.998923,0.003539,1.000000,-0.000063,-0.000276,-0.000466
-0.002893,0.998938,0.001738,1.000000,-0.000210,-0.000232,-0.000498
-0.003082,0.998956,0.000317,1.000000,-0.000324,-0.000178,-0.000534
-0.003266,0.998972,-0.000646,1.000000,-0.000399,-0.000114,-0.000569
-0.003443,0.998995,-0.001084,1.000000,-0.000428,-0.000045,-0.000604
-0.003648,0.998982,-0.001004,1.000000,-0.000418,0.000024,-0.000644
-0.003854,0.998963,-0.000498,1.000000,-0.000373,0.000088,-0.000685
-0.004049,0.998964,0.000378,1.000000,-0.000296,0.000143,-0.000725
-0.004278,0.998948,0.001537,1.000000,-0.000201,0.000182,-0.000771
-0.004502,0.998943,0.002806,1.000000,-0.000096,0.000203,-0.000816
-0.004737,0.998953,0.004080,1.000000,0.000008,0.000202,-0.000865
-0.004982,0.998963,0.005256,1.000000,0.000104,0.000178,-0.000916
-0.005237,0.998971,0.006238,1.000000,0.000184,0.000134,-0.000969
-0.005507,0.998966,0.006965,0.999999,0.000243,0.000071,-0.001026
-0.005792,0.998946,0.007388,0.999999,0.000276,-0.000005,-0.001086
-0.006077,0.998956,0.007516,0.999999,0.000285,-0.000088,-0.001147
-0.006387,0.998966,0.007392,0.999999,0.000273,-0.000172,-0.001213
-0.006710,0.998955,0.007035,0.999999,0.000242,-0.000250,-0.001283
-0.007053,0.998914,0.006478,0.999999,0.000194,-0.000317,-0.001357
-0.007383,0.998918,0.005769,0.999999,0.000137,-0.000366,-0.001431
-0.007743,0.998918,0.005006,0.999999,0.000077,-0.000395,-0.001510
-0.008110,0.998912,0.004248,0.999999,0.000019,-0.000401,-0.001592
-0.008494,0.998918,0.003568,0.999999,-0.000030,-0.000385,-0.001678
-0.008894,0.998909,0.003006,0.999998,-0.000069,-0.000349,-0.001769
-0.009313,0.998894,0.002598,0.999998,-0.000096,-0.000298,-0.001864
-0.009745,0.998875,0.002355,0.999998,-0.000111,-0.000236,-0.001963
-0.010196,0.998854,0.002284,0.999998,-0.000113,-0.000169,-0.002067
-0.010682,0.998863,0.002369,0.999998,-0.000104,-0.000101,-0.002179
-0.011158,0.998870,0.002572,0.999997,-0.000085,-0.000039,-0.002291
-0.011650,0.998858,0.002858,0.999997,-0.000060,0.000012,-0.002408
-0.012163,0.998831,0.003195,0.999997,-0.000031,0.000049,-0.002531
-0.012713,0.998764,0.003537,0.999996,-0.000008,0.000066,-0.002661
-0.013244,0.998732,0.003779,0.999996,0.000008,0.000060,-0.002791
-0.013809,0.998768,0.003948,0.999996,0.000022,0.000034,-0.002930
-0.014336,0.998840,0.004083,0.999995,0.000035,-0.000009,-0.003065
-0.014928,0.998855,0.004140,0.999995,0.000043,-0.000067,-0.003213
-0.015514,0.998822,0.004114,0.999994,0.000045,-0.000132,-0.003363
-0.016070,0.998821,0.004046,0.999994,0.000046,-0.000197,-0.003512
-0.016670,0.998806,0.003937,0.999993,0.000042,-0.000259,-0.003671
-0.017301,0.998785,0.003728,0.999993,0.000029,-0.000316,-0.003838
-0.017888,0.998785,0.003479,0.999992,0.000017,-0.000355,-0.004002
-0.018491,0.998783,0.003279,0.999991,0.000006,-0.000371,-0.004171
-0.019110,0.998777,0.003051,0.999990,-0.000002,-0.000367,-0.004347
-0.019706,0.998771,0.002816,0.999990,-0.000013,-0.000344,-0.004524
-0.020310,0.998757,0.002603,0.999989,-0.000030,-0.000301,-0.004706
-0.020917,0.998735,0.002417,0.999988,-0.000041,-0.000239,-0.004892
-0.021513,0.998706,0.002272,0.999987,-0.000050,-0.000161,-0.005082
-0.022128,0.998685,0.002182,0.999986,-0.000053,-0.000071,-0.005278
-0.022733,0.998656,0.002151,0.999985,-0.000051,0.000026,-0.005478
-0.023350,0.998617,0.002178,0.999984,-0.000044,0.000122,-0.005685
-0.023979,0.998548,0.002218,0.999983,-0.000036,0.000205,-0.005900
-0.024556,0.998628,0.002275,0.999981,-0.000031,0.000275,-0.006111
-0.025206,0.998645,0.002392,0.999980,-0.000020,0.000331,-0.006339
-0.025850,0.998571,0.002525,0.999978,-0.000009,0.000367,-0.006572
-0.026458,0.998462,0.002674,0.999977,0.000003,0.000383,-0.006805
-0.027099,0.998428,0.002861,0.999975,0.000018,0.000378,-0.007050
-0.027760,0.998446,0.002905,0.999973,0.000020,0.000329,-0.007305
-0.028382,0.998433,0.002779,0.999971,0.000008,0.000242,-0.007560
-0.028992,0.998375,0.002531,0.999969,-0.000013,0.000128,-0.007820
-0.029654,0.998387,0.002320,0.999967,-0.000030,0.000029,-0.008095
-0.030267,0.998398,0.002259,0.999965,-0.000035,-0.000040,-0.008370
-0.030856,0.998352,0.002272,0.999963,-0.000030,-0.000085,-0.008648
-0.031428,0.998273,0.002347,0.999960,-0.000020,-0.000106,-0.008931
-0.031958,0.998191,0.002472,0.999958,-0.000007,-0.000108,-0.009215
-0.032463,0.998218,0.002633,0.999955,0.000020,-0.000091,-0.009504
-0.032997,0.998208,0.002817,0.999952,0.000050,-0.000069,-0.009806
-0.033487,0.998187,0.002980,0.999949,0.000069,-0.000066,-0.010109
-0.033973,0.998160,0.003051,0.999946,0.000084,-0.000079,-0.010422
-0.034461,0.998071,0.003094,0.999942,0.000093,-0.000103,-0.010743
-0.034968,0.997972,0.003097,0.999939,0.000091,-0.000141,-0.011077
-0.035441,0.997891,0.003016,0.999935,0.000081,-0.000190,-0.011416
-0.035917,0.997815,0.002899,0.999931,0.000066,-0.000232,-0.011766
-0.036385,0.997742,0.002681,0.999926,0.000041,-0.000300,-0.012126
-0.036807,0.997758,0.002247,0.999922,0.000000,-0.000389,-0.012489
-0.037222,0.997792,0.001794,0.999917,-0.000041,-0.000452,-0.012862
-0.037565,0.997746,0.001387,0.999912,-0.000078,-0.000473,-0.013235
-0.037865,0.997648,0.001008,0.999907,-0.000109,-0.000449,-0.013612
-0.038120,0.997543,0.000695,0.999902,-0.000133,-0.000378,-0.013994
-0.038342,0.997445,0.000464,0.999897,-0.000148,-0.000258,-0.014383
-0.038518,0.997350,0.000341,0.999891,-0.000152,-0.000096,-0.014778
-0.038660,0.997252,0.000326,0.999885,-0.000145,0.000097,-0.015180
-0.038723,0.997237,0.000464,0.999879,-0.000132,0.000315,-0.015583
-0.038735,0.997259,0.000713,0.999872,-0.000108,0.000532,-0.015992
-0.038738,0.997236,0.001000,0.999865,-0.000077,0.000716,-0.016414
-0.038716,0.997124,0.001314,0.999858,-0.000045,0.000844,-0.016846
-0.038654,0.996981,0.001627,0.999850,-0.000014,0.000903,-0.017287
-0.038548,0.996840,0.001912,0.999842,0.000014,0.000883,-0.017736
-0.038412,0.996685,0.002192,0.999834,0.000043,0.000807,-0.018195
-0.038277,0.996549,0.002398,0.999825,0.000057,0.000619,-0.018672
-0.038070,0.996576,0.002464,0.999816,0.000047,0.000341,-0.019155
-0.037742,0.996590,0.002499,0.999807,0.000038,0.000047,-0.019635
-0.037362,0.996489,0.002498,0.999797,0.000031,-0.000246,-0.020123
-0.036919,0.996286,0.002422,0.999787,0.000025,-0.000530,-0.020618
-0.036406,0.996098,0.002287,0.999777,0.000010,-0.000803,-0.021121
-0.035841,0.995953,0.002135,0.999765,-0.000011,-0.001018,-0.021634
-0.035204,0.995792,0.001990,0.999754,-0.000028,-0.001148,-0.022154
-0.034498,0.995602,0.001854,0.999742,-0.000042,-0.001191,-0.022684
-0.033768,0.995372,0.001756,0.999730,-0.000048,-0.001125,-0.023229
-0.032960,0.995251,0.001675,0.999717,-0.000041,-0.000975,-0.023783
-0.032029,0.995149,0.001612,0.999703,-0.000036,-0.000773,-0.024339
-0.031049,0.995075,0.001634,0.999690,-0.000025,-0.000495,-0.024909
-0.029968,0.994931,0.001736,0.999675,0.000000,-0.000157,-0.025483
-0.028788,0.994733,0.001885,0.999660,0.000031,0.000189,-0.026064
-0.027299,0.994135,0.001875,0.999646,0.000045,0.000367,-0.026614
-0.026176,0.994093,0.001740,0.999628,0.000033,0.000438,-0.027254
-0.024683,0.994209,0.001626,0.999612,0.000024,0.000455,-0.027858
-0.023109,0.994077,0.001462,0.999595,0.000015,0.000407,-0.028472
-0.021436,0.993775,0.001335,0.999577,0.000003,0.000348,-0.029094
-0.019663,0.993502,0.001259,0.999558,0.000004,0.000307,-0.029725
-0.017774,0.993262,0.001222,0.999539,0.000012,0.000275,-0.030364
-0.015773,0.993018,0.001217,0.999519,0.000024,0.000244,-0.031013
-0.013658,0.992761,0.001231,0.999498,0.000038,0.000207,-0.031670
-0.011447,0.992484,0.001249,0.999477,0.000053,0.000161,-0.032340
-0.009113,0.992193,0.001261,0.999455,0.000069,0.000098,-0.033019
-0.006696,0.991867,0.001152,0.999432,0.000079,-0.000061,-0.033713
-0.004061,0.991589,0.000995,0.999408,0.000069,-0.000264,-0.034402
-0.001427,0.991402,0.000843,0.999383,0.000048,-0.000485,-0.035124
0.001376,0.991166,0.000598,0.999357,0.000023,-0.000723,-0.035849
0.004276,0.990874,0.000318,0.999330,-0.000011,-0.000945,-0.036589
0.007359,0.990545,-0.000000,0.999302,-0.000044,-0.001118,-0.037332
0.010576,0.990196,-0.000332,0.999274,-0.000076,-0.001223,-0.038086
0.013930,0.989830,-0.000551,0.999244,-0.000109,-0.001180,-0.038851
0.017419,0.989475,-0.000710,0.999214,-0.000112,-0.000965,-0.039630
0.021094,0.989105,-0.000792,0.999183,-0.000101,-0.000623,-0.040413
0.024915,0.988717,-0.000804,0.999151,-0.000079,-0.000195,-0.041208
0.028904,0.988311,-0.000755,0.999117,-0.000048,0.000275,-0.042013
0.033053,0.987894,-0.000656,0.999082,-0.000013,0.000737,-0.042829
0.037374,0.987463,-0.000524,0.999046,0.000023,0.001146,-0.043654
0.041867,0.987015,-0.000377,0.999009,0.000057,0.001462,-0.044491
0.046543,0.986554,-0.000234,0.998970,0.000088,0.001656,-0.045337
0.051386,0.986088,-0.000111,0.998931,0.000111,0.001705,-0.046197
0.056441,0.985606,-0.000010,0.998891,0.000124,0.001600,-0.047063
0.061656,0.985054,0.000119,0.998849,0.000123,0.001391,-0.047944
0.067101,0.984535,0.000215,0.998806,0.000125,0.001103,-0.048830
0.072775,0.984027,0.000284,0.998763,0.000124,0.000742,-0.049724
0.078624,0.983492,0.000346,0.998717,0.000114,0.000328,-0.050632
0.084696,0.982938,0.000393,0.998670,0.000098,-0.000107,-0.051549
0.090990,0.982370,0.000348,0.998622,0.000085,-0.000567,-0.052476
0.097580,0.981842,0.000302,0.998573,0.000053,-0.001038,-0.053402
0.104303,0.981250,0.000204,0.998521,0.000016,-0.001474,-0.054353
0.111276,0.980578,0.000052,0.998467,-0.000021,-0.001840,-0.055311
0.118509,0.979908,-0.000124,0.998413,-0.000060,-0.002100,-0.056275
0.125996,0.979253,-0.000327,0.998357,-0.000093,-0.002223,-0.057248
0.133733,0.978556,-0.000568,0.998301,-0.000111,-0.002184,-0.058232
0.141742,0.977836,-0.000799,0.998243,-0.000121,-0.001988,-0.059222
0.150029,0.977112,-0.001015,0.998184,-0.000122,-0.001646,-0.060220
0.158597,0.976373,-0.001214,0.998123,-0.000112,-0.001179,-0.061226
0.167450,0.975615,-0.001386,0.998061,-0.000092,-0.000616,-0.062239
0.176624,0.974825,-0.001495,0.997997,-0.000063,0.000033,-0.063255
0.186074,0.974026,-0.001588,0.997931,-0.000017,0.000716,-0.064282
0.195872,0.973255,-0.001727,0.997864,0.000041,0.001339,-0.065311
0.205954,0.972450,-0.001763,0.997795,0.000076,0.001843,-0.066351
0.216379,0.971513,-0.001829,0.997724,0.000115,0.002210,-0.067391
0.227083,0.970604,-0.001980,0.997652,0.000148,0.002347,-0.068447
0.238111,0.969637,-0.002018,0.997579,0.000140,0.002278,-0.069510
0.249473,0.968816,-0.002002,0.997504,0.000105,0.002026,-0.070584
0.261127,0.967866,-0.001745,0.997427,0.000047,0.001788,-0.071671
0.273282,0.966890,-0.001887,0.997350,0.000078,0.001532,-0.072739
0.285704,0.966027,-0.001843,0.997270,0.000076,0.001220,-0.073831
0.298528,0.965097,-0.001741,0.997189,0.000065,0.000874,-0.074923
0.311662,0.964025,-0.001671,0.997106,0.000059,0.000496,-0.076027
0.325127,0.962828,-0.001630,0.997020,0.000051,0.000076,-0.077142
0.338934,0.961733,-0.001592,0.996932,0.000026,-0.000393,-0.078274
0.353180,0.960700,-0.001354,0.996842,-0.000036,-0.000822,-0.079405
0.367963,0.959699,-0.001358,0.996752,-0.000047,-0.001171,-0.080521
0.383112,0.958645,-0.001343,0.996660,-0.000065,-0.001461,-0.081647
0.398596,0.957484,-0.001344,0.996566,-0.000079,-0.001667,-0.082789
0.414402,0.956326,-0.001473,0.996468,-0.000080,-0.001839,-0.083954
0.430695,0.955122,-0.001535,0.996369,-0.000092,-0.001922,-0.085113
0.447465,0.953867,-0.001605,0.996270,-0.000103,-0.001923,-0.086269
0.464661,0.952654,-0.001800,0.996169,-0.000096,-0.001875,-0.087434
0.482278,0.951500,-0.001646,0.996065,-0.000142,-0.001696,-0.088610
0.500415,0.950320,-0.001839,0.995961,-0.000106,-0.001375,-0.089780
0.518898,0.948964,-0.002161,0.995853,-0.000054,-0.001052,-0.090970
0.537871,0.947540,-0.002160,0.995744,-0.000064,-0.000725,-0.092159
0.557426,0.946305,-0.002206,0.995634,-0.000055,-0.000336,-0.093341
0.577448,0.944975,-0.002422,0.995522,-0.000012,0.000066,-0.094528
0.597792,0.943562,-0.002379,0.995406,-0.000006,0.000483,-0.095745
0.618697,0.942072,-0.002815,0.995288,0.000066,0.000760,-0.096955
0.640186,0.940589,-0.002711,0.995171,0.000032,0.000959,-0.098156
0.662134,0.939257,-0.002766,0.995049,0.000040,0.001173,-0.099376
0.684671,0.937846,-0.002719,0.994927,0.000044,0.001388,-0.100587
0.707664,0.936386,-0.002831,0.994802,0.000080,0.001566,-0.101812
0.731243,0.934823,-0.003161,0.994677,0.000132,0.001560,-0.103030
0.755311,0.933332,-0.003438,0.994549,0.000133,0.001297,-0.104263
0.779963,0.931721,-0.003045,0.994420,0.000005,0.000958,-0.105491
0.805129,0.930134,-0.003002,0.994288,-0.000037,0.000718,-0.106731
0.831005,0.928401,-0.003477,0.994157,-0.000001,0.000380,-0.107946
0.857269,0.926858,-0.003384,0.994020,-0.000079,-0.000019,-0.109201
0.884204,0.925278,-0.003430,0.993882,-0.000122,-0.000342,-0.110445
0.911737,0.923621,-0.003175,0.993743,-0.000189,-0.000514,-0.111689
0.940115,0.921557,-0.003749,0.993608,-0.000112,-0.000681,-0.112880
0.968676,0.919933,-0.003385,0.993462,-0.000195,-0.000797,-0.114159
0.998091,0.918364,-0.003607,0.993318,-0.000164,-0.000833,-0.115406
1.028036,0.916673,-0.003367,0.993171,-0.000198,-0.000781,-0.116664
1.058738,0.914959,-0.003460,0.993025,-0.000155,-0.000610,-0.117905
1.090169,0.913071,-0.002899,0.992879,-0.000185,-0.000246,-0.119127
1.122107,0.911193,-0.003341,0.992729,-0.000025,0.000174,-0.120374
1.154691,0.909431,-0.003008,0.992576,-0.000003,0.000548,-0.121629
1.188173,0.907469,-0.003419,0.992426,0.000127,0.000792,-0.122841
1.222058,0.905640,-0.003005,0.992269,0.000097,0.000911,-0.124102
1.256775,0.903924,-0.003035,0.992113,0.000137,0.000970,-0.125346
1.292511,0.901797,-0.002118,0.991963,0.000043,0.001135,-0.126522
1.328576,0.899943,-0.002631,0.991803,0.000202,0.001266,-0.127768
1.365608,0.898195,-0.002273,0.991646,0.000191,0.001258,-0.128979
1.403357,0.896411,-0.002481,0.991489,0.000252,0.001097,-0.130188
1.441626,0.894624,-0.002613,0.991325,0.000251,0.000665,-0.131430
1.480845,0.892457,-0.001522,0.991167,0.000044,0.000275,-0.132622
1.520717,0.890228,-0.002219,0.991005,0.000137,-0.000170,-0.133825
1.561414,0.888246,-0.001355,0.990842,-0.000027,-0.000542,-0.135026
1.603078,0.886297,-0.001973,0.990682,0.000054,-0.000943,-0.136195
1.645593,0.884391,-0.001183,0.990522,-0.000101,-0.001284,-0.137351
1.688610,0.882461,-0.001773,0.990354,-0.000030,-0.001639,-0.138549
1.732553,0.880328,-0.000660,0.990190,-0.000219,-0.001785,-0.139713
1.777317,0.878248,-0.001598,0.990026,-0.000065,-0.001936,-0.140874
1.823125,0.876416,-0.000663,0.989864,-0.000212,-0.001949,-0.142006
1.869588,0.874502,-0.001513,0.989698,-0.000074,-0.002009,-0.143157
1.917079,0.872625,-0.000599,0.989536,-0.000224,-0.001960,-0.144274
1.965246,0.870563,-0.001553,0.989370,-0.000075,-0.001966,-0.145403
2.014471,0.868669,-0.000711,0.989209,-0.000220,-0.001858,-0.146502
2.064516,0.866692,-0.001642,0.989046,-0.000082,-0.001817,-0.147598
2.115379,0.864431,-0.000211,0.988884,-0.000305,-0.001517,-0.148682
2.167223,0.862469,-0.001428,0.988722,-0.000078,-0.001221,-0.149757
2.219761,0.860951,-0.000857,0.988552,-0.000151,-0.000884,-0.150878
2.273638,0.859005,-0.001966,0.988395,0.000030,-0.000691,-0.151901
2.328518,0.856661,-0.000214,0.988245,-0.000237,-0.000287,-0.152881
2.384140,0.854630,-0.001629,0.988087,0.000028,0.000050,-0.153895
2.440716,0.852681,-0.000330,0.987930,-0.000132,0.000555,-0.154900
2.498284,0.850788,-0.001950,0.987774,0.000174,0.000869,-0.155889
2.557086,0.849748,-0.001566,0.987619,0.000103,0.000997,-0.156866
2.616930,0.848648,-0.001354,0.987468,0.000046,0.001057,-0.157816
2.677499,0.846552,-0.001126,0.987320,-0.000003,0.001133,-0.158741
2.739355,0.844398,-0.001986,0.987181,0.000104,0.001036,-0.159602
2.801908,0.842224,-0.000447,0.987036,-0.000155,0.001139,-0.160493
2.865395,0.840095,-0.002334,0.986891,0.000141,0.001056,-0.161384
2.930373,0.839276,-0.003850,0.986749,0.000261,0.000426,-0.162253
2.996565,0.839165,-0.002618,0.986607,-0.000128,-0.000306,-0.163114
3.063754,0.837649,-0.002825,0.986478,-0.000251,-0.000937,-0.163889
3.131342,0.835004,-0.001773,0.986345,-0.000511,-0.001199,-0.164685
3.200414,0.832317,-0.003595,0.986226,-0.000283,-0.001486,-0.165395
3.271055,0.831421,-0.003496,0.986107,-0.000394,-0.001788,-0.166102
3.343033,0.831007,-0.002270,0.985993,-0.000636,-0.001750,-0.166775
3.415768,0.829292,-0.003385,0.985887,-0.000452,-0.001609,-0.167407
3.489421,0.827131,-0.001561,0.985783,-0.000674,-0.001025,-0.168019
3.564267,0.825442,-0.003207,0.985681,-0.000293,-0.000413,-0.168621
3.640374,0.825007,-0.002105,0.985574,-0.000354,0.000290,-0.169244
3.718073,0.824781,-0.002337,0.985481,-0.000173,0.001045,-0.169782
3.796916,0.823594,-0.000919,0.985401,-0.000210,0.002017,-0.170240
3.876880,0.821900,-0.002500,0.985329,0.000230,0.002750,-0.170644
3.957892,0.820815,-0.000369,0.985252,0.000064,0.003535,-0.171071
4.040311,0.820176,-0.001269,0.985183,0.000380,0.004071,-0.171456
4.123946,0.819535,0.000736,0.985120,0.000229,0.004642,-0.171805
4.208898,0.818889,-0.000372,0.985067,0.000561,0.004880,-0.172100
4.295024,0.818578,0.001445,0.985017,0.000397,0.005027,-0.172385
4.382634,0.818185,0.000773,0.984982,0.000605,0.004831,-0.172587
4.471252,0.818119,0.002484,0.984946,0.000399,0.004507,-0.172805
4.561586,0.818028,0.003164,0.984929,0.000377,0.004128,-0.172909
4.653155,0.817662,0.003891,0.984922,0.000353,0.003668,-0.172958
4.745632,0.817502,0.003426,0.984912,0.000486,0.002924,-0.173030
4.839821,0.817273,0.005700,0.984921,0.000183,0.002272,-0.172989
4.935623,0.817163,0.004805,0.984946,0.000385,0.001406,-0.172855
5.032764,0.818035,0.006121,0.984970,0.000196,0.000444,-0.172723
5.131487,0.819060,0.006544,0.985008,0.000139,-0.000599,-0.172508
5.231039,0.819090,0.008933,0.985051,-0.000185,-0.001330,-0.172260
5.331783,0.818868,0.007777,0.985101,0.000081,-0.002147,-0.171966
5.434122,0.819400,0.010198,0.985160,-0.000213,-0.002703,-0.171619
5.538118,0.820501,0.009388,0.985231,0.000029,-0.003300,-0.171199
5.643627,0.821769,0.011775,0.985316,-0.000225,-0.003630,-0.170704
5.750609,0.823041,0.011200,0.985413,0.000018,-0.003963,-0.170134
5.858935,0.824232,0.013520,0.985522,-0.000180,-0.004013,-0.169499
5.968694,0.825490,0.012766,0.985642,0.000124,-0.004120,-0.168797
6.079907,0.826978,0.015173,0.985774,-0.000068,-0.003987,-0.168029
6.192667,0.828720,0.014418,0.985918,0.000251,-0.003944,-0.167186
6.307055,0.831316,0.014082,0.986069,0.000405,-0.004289,-0.166283
6.422968,0.834166,0.016327,0.986232,0.000105,-0.004592,-0.165302
6.540309,0.836183,0.016263,0.986415,0.000198,-0.004858,-0.164202
6.659052,0.838256,0.016709,0.986608,0.000192,-0.005141,-0.163031
6.779459,0.840592,0.017817,0.986816,0.000084,-0.005283,-0.161758
6.901198,0.842409,0.016960,0.987037,0.000266,-0.005578,-0.160394
7.024147,0.844530,0.019152,0.987263,-0.000042,-0.005641,-0.158997
7.148945,0.847398,0.018240,0.987504,0.000156,-0.005751,-0.157492
7.275545,0.850562,0.020446,0.987764,-0.000128,-0.005549,-0.155856
7.403712,0.853951,0.019467,0.988037,0.000124,-0.005326,-0.154127
7.533354,0.857387,0.021333,0.988322,-0.000063,-0.004817,-0.152302
7.664515,0.860775,0.020324,0.988620,0.000222,-0.004357,-0.150374
7.797248,0.864520,0.022102,0.988929,0.000059,-0.003710,-0.148345
7.931530,0.868450,0.021259,0.989248,0.000316,-0.003172,-0.146215
8.067325,0.872282,0.023243,0.989579,0.000124,-0.002442,-0.143969
8.204759,0.876181,0.022248,0.989923,0.000417,-0.001845,-0.141595
8.343753,0.880281,0.024220,0.990277,0.000231,-0.001106,-0.139107
8.484283,0.884646,0.023152,0.990638,0.000530,-0.000581,-0.136511
8.626536,0.889642,0.024143,0.991009,0.000438,-0.000277,-0.133791
8.770199,0.894833,0.024699,0.991386,0.000415,-0.000037,-0.130971
8.916099,0.899574,0.025204,0.991788,0.000394,0.000086,-0.127893
9.062813,0.904439,0.026532,0.992182,0.000262,0.000303,-0.124800
9.211109,0.908720,0.025923,0.992586,0.000433,0.000263,-0.121542
9.361251,0.913468,0.026800,0.993000,0.000301,-0.000077,-0.118113
9.512887,0.918740,0.028490,0.993415,0.000064,-0.000291,-0.114568
9.666012,0.923307,0.028135,0.993836,0.000177,-0.000638,-0.110857
9.820783,0.928487,0.029710,0.994258,-0.000040,-0.001013,-0.107000
9.977302,0.933898,0.031158,0.994685,-0.000164,-0.001083,-0.102963
10.135318,0.938797,0.032385,0.995111,-0.000159,-0.000760,-0.098756
10.295031,0.943647,0.032550,0.995538,0.000049,-0.000446,-0.094358
10.455753,0.948942,0.032881,0.995951,0.000164,-0.000521,-0.089893
10.618041,0.954454,0.034374,0.996359,0.000050,-0.000763,-0.085257
10.782197,0.959112,0.036461,0.996765,-0.000087,-0.000662,-0.080367
10.947818,0.962959,0.036625,0.997162,0.000115,-0.000753,-0.075284
11.114946,0.967138,0.039225,0.997545,-0.000077,-0.000604,-0.070028
11.283675,0.971570,0.039962,0.997913,0.000105,-0.000486,-0.064576
11.453810,0.976406,0.041955,0.998260,0.000044,-0.000440,-0.058956
11.625537,0.981311,0.043527,0.998588,0.000108,-0.000332,-0.053128
11.798685,0.985245,0.045147,0.998891,0.000175,-0.000277,-0.047092
11.973156,0.988105,0.046521,0.999165,0.000247,-0.000537,-0.040860
12.149247,0.990561,0.048306,0.999408,0.000233,-0.000842,-0.034391
12.326930,0.992567,0.049561,0.999616,0.000267,-0.001521,-0.027682
12.505746,0.994146,0.051026,0.999782,0.000262,-0.002018,-0.020803
12.686039,0.995591,0.052585,0.999903,0.000274,-0.002660,-0.013696
12.867737,0.997115,0.053392,0.999974,0.000249,-0.003364,-0.006368
13.050986,0.997917,0.053987,0.999991,0.000152,-0.004051,0.001215
13.235713,0.998049,0.053916,0.999949,0.000114,-0.004571,0.009044
13.421825,0.996551,0.054527,0.999842,0.000025,-0.004884,0.017108
13.609274,0.993956,0.054806,0.999664,0.000001,-0.005093,0.025401
13.797870,0.990538,0.055227,0.999413,-0.000062,-0.004903,0.033901
13.988091,0.986910,0.055339,0.999078,-0.000153,-0.004566,0.042695
14.179744,0.982385,0.055590,0.998651,-0.000222,-0.004143,0.051750
14.372942,0.976039,0.055895,0.998127,-0.000319,-0.003650,0.061071
14.567238,0.968127,0.057079,0.997499,-0.000478,-0.003605,0.070593
14.763053,0.958767,0.057376,0.996757,-0.000421,-0.003572,0.080386
14.960515,0.948736,0.059470,0.995889,-0.000619,-0.003952,0.090498
15.159086,0.937516,0.060382,0.994893,-0.000501,-0.004590,0.100828
15.358934,0.924076,0.061356,0.993766,-0.000390,-0.005089,0.111369
15.560380,0.908766,0.062320,0.992493,-0.000292,-0.005365,0.122186
15.763527,0.891970,0.064393,0.991058,-0.000363,-0.005645,0.133312
15.967832,0.872929,0.065377,0.989469,-0.000242,-0.005796,0.144626
16.173310,0.852087,0.067820,0.987715,-0.000333,-0.006032,0.156150
16.380745,0.829698,0.068397,0.985766,-0.000121,-0.006042,0.168015
16.589622,0.805116,0.071062,0.983628,-0.000255,-0.006059,0.180111
16.799538,0.778123,0.072206,0.981307,-0.000141,-0.005945,0.192356
17.011114,0.748093,0.072633,0.978789,0.000014,-0.005441,0.204799
17.225079,0.715738,0.076089,0.976026,-0.000342,-0.005028,0.217594
17.441089,0.681430,0.077106,0.973013,-0.000293,-0.004553,0.230703
17.658703,0.643615,0.078093,0.969781,-0.000284,-0.003918,0.243947
17.878632,0.602002,0.080158,0.966302,-0.000477,-0.003295,0.257390
18.100528,0.556526,0.081766,0.962585,-0.000596,-0.002700,0.270966
18.324992,0.507797,0.081853,0.958587,-0.000525,-0.001904,0.284792
18.552470,0.456527,0.082317,0.954260,-0.000633,-0.000849,0.298977
18.782165,0.401938,0.083864,0.949644,-0.001015,0.000316,0.313331
19.013743,0.343290,0.085622,0.944771,-0.001475,0.001446,0.327725
19.247360,0.280588,0.087739,0.939635,-0.001962,0.002351,0.342164
19.483179,0.214134,0.090510,0.934219,-0.002427,0.002795,0.356682
19.721714,0.144553,0.091364,0.928470,-0.002445,0.002938,0.371387
19.962114,0.071004,0.092193,0.922459,-0.002347,0.002808,0.386077
20.204403,-0.006606,0.093051,0.916192,-0.002171,0.002492,0.400726
20.448606,-0.088207,0.093945,0.909667,-0.001946,0.002076,0.415329
20.694711,-0.173736,0.094884,0.902885,-0.001704,0.001635,0.429876
20.942710,-0.263140,0.095874,0.895848,-0.001472,0.001224,0.444356
21.192593,-0.356371,0.096917,0.888559,-0.001275,0.000886,0.458760
21.444350,-0.453383,0.098015,0.881021,-0.001129,0.000644,0.473076
21.697968,-0.554128,0.099164,0.873236,-0.001044,0.000505,0.487296
21.953432,-0.658556,0.100361,0.865210,-0.001022,0.000463,0.501408
22.210722,-0.766619,0.101599,0.856946,-0.001057,0.000501,0.515405
22.469817,-0.878270,0.102873,0.848448,-0.001137,0.000592,0.529277
22.730693,-0.993462,0.104175,0.839721,-0.001246,0.000709,0.543016
22.993323,-1.112150,0.105498,0.830770,-0.001365,0.000823,0.556613
23.257677,-1.234289,0.106835,0.821601,-0.001473,0.000905,0.570060
23.523724,-1.359837,0.108180,0.812220,-0.001549,0.000933,0.583349
23.791427,-1.488755,0.109528,0.802632,-0.001578,0.000893,0.596472
24.060748,-1.621002,0.110873,0.792843,-0.001546,0.000777,0.609423
24.331647,-1.756545,0.112213,0.782861,-0.001444,0.000584,0.622194
24.604081,-1.895347,0.113545,0.772693,-0.001272,0.000320,0.634779
24.878003,-2.037379,0.114868,0.762344,-0.001034,0.000001,0.647172
25.153364,-2.182610,0.116181,0.751822,-0.000737,-0.000358,0.659365
25.430114,-2.331015,0.117486,0.741135,-0.000398,-0.000733,0.671355
25.708200,-2.482569,0.118782,0.730290,-0.000032,-0.001104,0.683137
25.987568,-2.637251,0.120072,0.719294,0.000339,-0.001448,0.694704
26.268159,-2.795042,0.121358,0.708156,0.000696,-0.001746,0.706054
26.549917,-2.955927,0.122640,0.696882,0.001018,-0.001981,0.717182
26.832781,-3.119891,0.123920,0.685481,0.001289,-0.002142,0.728086
27.116690,-3.286922,0.125200,0.673959,0.001494,-0.002222,0.738764
27.401583,-3.457013,0.126479,0.662325,0.001624,-0.002219,0.749212
27.687397,-3.630157,0.127759,0.650584,0.001673,-0.002135,0.759429
27.974068,-3.806348,0.129037,0.638744,0.001640,-0.001978,0.769415
28.261532,-3.985584,0.130314,0.626811,0.001531,-0.001756,0.779168
28.549727,-4.167865,0.131588,0.614791,0.001353,-0.001482,0.788687
28.838588,-4.353191,0.132857,0.602690,0.001118,-0.001171,0.797974
29.128052,-4.541565,0.134120,0.590513,0.000838,-0.000835,0.807027
29.418056,-4.732990,0.135375,0.578264,0.000529,-0.000488,0.815850
29.708537,-4.927470,0.136621,0.565948,0.000205,-0.000141,0.824441
29.999434,-5.125011,0.137856,0.553569,-0.000122,0.000195,0.832804
30.290686,-5.325619,0.139079,0.541129,-0.000438,0.000513,0.840939
30.582234,-5.529299,0.140291,0.528633,-0.000736,0.000809,0.848850
30.874018,-5.736058,0.141490,0.516081,-0.001009,0.001080,0.856539
31.165980,-5.945902,0.142678,0.503475,-0.001256,0.001325,0.864008
31.458066,-6.158835,0.143855,0.490816,-0.001475,0.001546,0.871261
31.750219,-6.374863,0.145023,0.478104,-0.001671,0.001747,0.878300
32.042387,-6.593988,0.146183,0.465339,-0.001849,0.001930,0.885128
32.334516,-6.816213,0.147337,0.452519,-0.002016,0.002099,0.891750
32.626555,-7.041540,0.148487,0.439643,-0.002179,0.002260,0.898167
32.918455,-7.269966,0.149635,0.426708,-0.002346,0.002414,0.904383
33.210167,-7.501490,0.150784,0.413711,-0.002525,0.002564,0.910401
33.501644,-7.736105,0.151934,0.400647,-0.002719,0.002712,0.916224
33.792841,-7.973805,0.153088,0.387513,-0.002934,0.002858,0.921855
34.083712,-8.214579,0.154247,0.374304,-0.003171,0.003000,0.927296
34.374213,-8.458414,0.155412,0.361013,-0.003429,0.003138,0.932549
34.664303,-8.705293,0.156585,0.347635,-0.003704,0.003269,0.937617
34.953939,-8.955198,0.157767,0.334162,-0.003993,0.003389,0.942501
35.243081,-9.208104,0.158957,0.320588,-0.004286,0.003495,0.947202
35.531690,-9.463985,0.160158,0.306906,-0.004577,0.003585,0.951722
35.819727,-9.722809,0.161368,0.293106,-0.004856,0.003655,0.956061
36.107153,-9.984540,0.162590,0.279180,-0.005113,0.003703,0.960218
36.393931,-10.249139,0.163823,0.265121,-0.005339,0.003727,0.964193
36.680024,-10.516560,0.165067,0.250918,-0.005527,0.003726,0.967985
36.965395,-10.786752,0.166324,0.236563,-0.005669,0.003701,0.971593
37.250008,-11.059659,0.167593,0.222047,-0.005759,0.003653,0.975012
37.533827,-11.335218,0.168876,0.207360,-0.005796,0.003583,0.978241
37.816816,-11.613362,0.170171,0.192493,-0.005776,0.003494,0.981275
38.098938,-11.894014,0.171479,0.177438,-0.005701,0.003389,0.984110
38.380156,-12.177092,0.172801,0.162185,-0.005573,0.003270,0.986739
38.660433,-12.462505,0.174135,0.146726,-0.005397,0.003143,0.989157
38.939730,-12.750154,0.175482,0.131053,-0.005177,0.003009,0.991357
39.218006,-13.039932,0.176840,0.115159,-0.004920,0.002872,0.993331
39.495219,-13.331722,0.178208,0.099038,-0.004633,0.002736,0.995069
39.771327,-13.625397,0.179585,0.082683,-0.004325,0.002604,0.996563
40.046280,-13.920818,0.180969,0.066090,-0.004004,0.002477,0.997803
40.320030,-14.217837,0.182357,0.049256,-0.003676,0.002358,0.998777
40.592520,-14.516294,0.183747,0.032178,-0.003351,0.002249,0.999474
40.863692,-14.816012,0.185134,0.014857,-0.003035,0.002150,0.999883
41.133479,-15.116806,0.186517,-0.002708,-0.002736,0.002063,0.999990
41.401808,-15.418473,0.187891,-0.020512,-0.002460,0.001986,0.999785
41.668597,-15.720795,0.189253,-0.038552,-0.002213,0.001920,0.999252
41.933756,-16.023540,0.190598,-0.056820,-0.002003,0.001863,0.998381
42.197182,-16.326457,0.191922,-0.075306,-0.001834,0.001815,0.997157
42.458757,-16.629278,0.193223,-0.093999,-0.001713,0.001772,0.995569
42.718350,-16.931718,0.194498,-0.112885,-0.001644,0.001732,0.993605
42.975812,-17.233471,0.195742,-0.131947,-0.001635,0.001693,0.991254
43.230971,-17.534212,0.196954,-0.151165,-0.001688,0.001648,0.988506
43.483633,-17.833596,0.198134,-0.170517,-0.001810,0.001594,0.985352
43.733576,-18.131259,0.199279,-0.189977,-0.002004,0.001526,0.981785
43.980548,-18.426816,0.200393,-0.209518,-0.002272,0.001436,0.977801
44.224260,-18.719860,0.201476,-0.229110,-0.002617,0.001319,0.973396
44.464384,-19.009968,0.202532,-0.248721,-0.003036,0.001168,0.968570
44.700547,-19.296698,0.203567,-0.268315,-0.003528,0.000976,0.963324
44.932323,-19.579591,0.204587,-0.287856,-0.004086,0.000737,0.957665
45.159201,-19.858269,0.205601,-0.307320,-0.004701,0.000446,0.951595
45.380603,-20.132531,0.206617,-0.326697,-0.005357,0.000101,0.945114
45.596024,-20.401976,0.207647,-0.345945,-0.006038,-0.000301,0.938235
45.804859,-20.666153,0.208702,-0.365020,-0.006720,-0.000755,0.930975
46.006433,-20.924599,0.209795,-0.383879,-0.007373,-0.001254,0.923353
46.199985,-21.176849,0.210937,-0.402476,-0.007963,-0.001788,0.915394
46.384661,-21.422445,0.212140,-0.420772,-0.008450,-0.002335,0.907124
46.559500,-21.660953,0.213406,-0.438728,-0.008787,-0.002868,0.898573
46.723428,-21.891976,0.214736,-0.456312,-0.008926,-0.003353,0.889769
46.875248,-22.115175,0.216115,-0.473500,-0.008815,-0.003744,0.880742
47.013645,-22.330298,0.217517,-0.490279,-0.008407,-0.003987,0.871516
47.137195,-22.537209,0.218896,-0.506646,-0.007663,-0.004026,0.862111
47.244381,-22.735927,0.220189,-0.522610,-0.006567,-0.003804,0.852538
47.333633,-22.926654,0.221322,-0.538198,-0.005140,-0.003284,0.842797
47.403374,-23.109808,0.222236,-0.553447,-0.003465,-0.002471,0.832873
